   1 9.2
   1 9.3
  17 8.9
  38 8.8
  53 1.2
  55 1.1
  60 1.4
  72 1.3
  74 1.5
  76 1.6
  89 1.0
  89 1.7
 106 1.8
 112 1.9
 125 2.1
 132 2.2
 136 2.0
 145 2.4
 145 2.5
 156 2.3
 157 8.7
 175 2.7
 177 2.8
 181 2.6
 187 2.9
 202 8.5
 202 8.6
 220 3.0
 224 3.1
 239 3.2
 258 8.3
 266 8.4
 272 3.3
 291 3.4
 334 3.5
 366 3.6
 377 3.7
 387 8.1
 404 3.9
 413 8.2
 418 3.8
 498 4.0
 564 8.0
 571 7.9
 626 4.2
 633 4.1
 638 4.3
 660 4.4
 705 7.8
 760 4.5
 760 7.7
 824 4.6
 882 4.7
 908 7.6
 970 4.8
1006 7.4
1007 7.5
1033 4.9
1184 7.3
1252 5.0
1274 5.1
1283 7.2
1352 5.2
1396 5.3
1525 5.5
1534 5.4
1730 5.6
1842 7.1
1853 5.7
1922 5.8
1986 5.9
2102 6.4
2120 6.1
2136 6.0
2143 7.0
2187 6.5
2213 6.6
2227 6.2
2242 6.3
2264 6.9
2301 6.7
2429 6.8
